 151360297
 151428133
 151405811
 151371062
 151379924
 151356321
 151411262
 151424447
 151419554
 151373242
 151356036
 151360297
 151428133
 151405811
 151371062
 151379924
 151356321
 151411262
 151424447
 151419554
 151373242
 151364913
 151423793
 151409257
 151412863
 151416643
 151371304
 151409601
 151426239
 151420610
 151386748
 151385583
 151426138
 151410483
 151414816
 151423959
 151374406
 151402474
 151389592
 151420417
 151402938
 151389205
 151390544
 151405867
 151406039
 151393806
 151402965
 151397355
 151363479
 151414987
 151374508
 151415126
 151359235
 151358058
 151414272
 151414218
 151426887
 151389183
 151422871
 151388442
 151411216
 151389349
 151406016
 151373757
 151423257
 151357361
 151375384
 151396885
 151360205
 151415431
 151361302
 151364342
 151404276
 151359831
 151428324
 151367312
 151402338
 151359617
 151383601
 151358172
 151399403
 151360748
 151377521
 151365348
 151420836
 151388716
 151375300
 151388029
 151373913
 151382121
 151407191
 151375998
 151427741
 151389765
 151372535
 151363946
 151424269
 151381930
 151379854
 151404167
 151413533
 151367110
 151418319
 151418272
 151397569
 151428195
 151375142
 151380935
 151412393
 151416046
 151417482
 151382905
 151426451
 151377454
 151426415
 151378327
 151377402
 151426107
 151400119
 151384643
 151363337
 151355818
 151366805
 151379919
 151405858
 151406374
 151396695
 151402310
 151356668
 151377524
 151407175
 151415509
 151360236
 151369554
 151367644
 151422818
 151420824
 151390339
 151382775
 151365274
 151376922
 151385035
 151392443
 151358358
 151365258
 151394887
 151368209
 151364520
 151391819
 151371146
 151392519
 151371756
 151369559
 151404933
 151390700
 151371423
 151387309
 151388453
 151413615
 151359252
 151420923
 151426854
 151416642
 151407992
 151398124
 151407019
 151409501
 151404005
 151428277
 151376003
 151409754
 151370787
 151370899
 151367062
 151367742
 151410141
 151420908
 151407965
 151358524
 151374195
 151375599
 151379299
 151397884
 151374741
 151424124
 151381868
 151416047
 151371346
 151424496
 151423121
 151415477
 151371649
 151413930
 151388411
 151408770
 151369436
 151375186
 151385348
 151359702
 151365186
 151383785
 151419599
 151395420
 151416107
 151380950
 151374019
 151373656
 151358738
 151359118
 151394076
 151377077
 151371674
 151372263
 151407139
 151376648
 151389078
 151359261
 151356703
 151419054
 151411514
 151422715
 151426100
 151412153
 151358518
 151373951
 151358889
 151392236
 151409705
 151415650
 151415724
 151414966
 151411867
 151374849
 151419007
 151370022
 151399652
 151375240
 151385027
 151406389
 151403386
 151355553
 151422879
 151409826
 151410411
 151370065
 151414572
 151401441
 151403775
 151386556
 151428229
 151360907
 151396317
 151371636
 151363073
 151424530
 151407466
 151386971
 151391365
 151407382
 151386108
 151407003
 151404523
 151395501
 151382782
 151366870
 151425522
 151361135
 151389503
 151395732
 151370002
 151421812
 151382753
 151369696
 151360344
 151406521
 151372286
 151389593
 151400069
 151410410
 151425816
 151393011
 151405247
 151421726
 151394402
 151424935
 151379357
 151376667
 151423645
 151413166
 151367841
 151370233
 151419989
 151374903
 151425410
 151375434
 151395902
 151426679
 151367392
 151424129
 151405713
 151367111
 151396005
 151412765
 151426137
 151412665
 151368668
 151375056
 151417635
 151428787
 151367346
 151379631
 151419791
 151355788
 151388304
 151387347
 151384038
 151418098
 151428175
 151405325
 151420256
 151389901
 151363810
 151362811
 151397472
 151374681
 151398043
 151425957
 151402766
 151366962
 151418255
 151407780
 151364161
 151385541
 151384479
 151390307
 151389843
 151374791
 151420461
 151424104
 151373614
 151379067
 151404879
 151397443
 151362990
 151397428
 151399006
 151413494
 151377806
 151370606
 151393332
 151392925
 151407494
 151391292
 151374619
 151412830
 151376734
 151396555
 151392327
 151377845
 151397871
 151397444
 151380501
 151374210
 151412172
 151367671
 151405595
 151364189
 151400981
 151420029
 151422235
 151387514
 151359724
 151382077
 151396733
 151384582
 151385488
 151373780
 151404922
 151391960
 151423200
 151391767
 151368138
 151417454
 151406872
 151388872
 151387408
 151382625
 151381931
 151402086
 151392001
 151385707
 151377391
 151409631
 151389733
 151388082
 151417891
 151356259
 151363149
 151365306
 151362510
 151407866
 151420535
 151389675
 151374690
 151395295
 151397975
 151382078
 151407541
 151363741
 151414200
 151356153
 151382858
 151416924
 151359425
 151385879
 151427700
 151372364
 151360156
 151419076
 151419186
 151425318
 151371402
 151383295
 151414460
 151421206
 151383069
 151363918
 151414774
 151402244
 151383157
 151362209
 151360174
 151391048
 151367706
 151375540
 151378086
 151373536
 151411028
 151394313
 151361259
 151408683
 151372456
 151394151
 151363823
 151426765
 151385902
 151409079
 151402722
 151379698
 151424120
 151374175
 151378411
 151395911
 151417408
 151392634
 151369066
 151428537
 151417516
 151375983
 151391025
 151396854
 151393918
 151368606
 151418595
 151426357
 151407309
 151398620
 151404323
 151401134
 151392459
 151428006
 151377602
 151402435
 151427314
 151361577
 151390908
 151365995
 151429351
 151424359
 151367207
 151362613
 151382807
 151394846
 151418848
 151407843
 151409681
 151399404
 151392934
 151429337
 151395207
 151418376
 151394482
 151398287
 151376029
 151405587
 151428408
 151407936
 151381236
 151379025
 151426439
 151380344
 151374176
 151410397
 151379050
 151363603
 151403896
 151364336
 151378890
 151420300
 151389828
 151398096
 151407914
 151409065
 151369265
 151409554
 151380749
 151387081
 151414721
 151387427
 151406876
 151397812
 151389156
 151369876
 151406847
 151359719
 151361388
 151394490
 151379626
 151398467
 151427552
 151390667
 151407810
 151356879
 151395998
 151371552
 151370237
 151416619
 151395921
 151363330
 151414309
 151392843
 151386408
 151419732
 151405509
 151356294
 151369065
 151428217
 151426609
 151357390
 151368415
 151415430
 151392076
 151383268
 151361181
 151396870
 151376710
 151383289
 151409592
 151385016
 151390945
 151359886
 151393555
 151392334
 151399658
 151367322
 151401539
 151402712
 151386043
 151384467
 151386438
 151426514
 151385869
 151390907
 151370826
 151364804
 151373984
 151374445
 151417032
 151410512
 151403430
 151402862
 151405740
 151358490
 151367327
 151411492
 151389641
 151403931
 151429781
 151420228
 151404040
 151389324
 151424244
 151383052
 151406411
 151373258
 151427794
 151358092
 151428763
 151395820
 151396098
 151401388
 151410340
 151362504
 151419835
 151406568
 151405746
 151399755
 151413822
 151389955
 151402275
 151425680
 151371974
 151421324
 151364612
 151424894
 151362890
 151406381
 151409555
 151363712
 151428308
 151355792
 151374801
 151367664
 151425055
 151372317
 151375301
 151382048
 151425829
 151360844
 151369679
 151411522
 151405243
 151376112
 151406074
 151420153
 151420493
 151355903
 151398367
 151383511
 151413136
 151366301
 151384370
 151362144
 151418043
 151409004
 151364013
 151400994
 151393203
 151366092
 151379117
 151390180
 151357083
 151419409
 151414085
 151411544
 151372392
 151380119
 151415584
 151407277
 151415599
 151410830
 151420921
 151369841
 151375661
 151370595
 151358173
 151422952
 151410273
 151412227
 151403397
 151376022
 151396652
 151395924
 151421187
 151381443
 151357623
 151418502
 151385701
 151393547
 151408930
 151357161
 151383810
 151387760
 151423382
 151382404
 151355561
 151406880
 151363736
 151363840
 151382070
 151417311
 151406072
 151414438
 151406164
 151356151
 151414334
 151363111
 151398157
 151410224
 151420727
 151401430
 151399268
 151367845
 151405910
 151396127
 151423918
 151374209
 151422330
 151381843
 151379311
 151420109
 151395731
 151428899
 151395660
 151361387
 151392000
 151420238
 151410642
 151411351
 151358428
 151378971
 151373482
 151420773
 151396431
 151388694
 151382195
 151380521
 151417693
 151385275
 151369329
 151382862
 151423956
 151367231
 151426673
 151358879
 151420736
 151386981
 151423251
 151359245
 151390560
 151378843
 151374299
 151371196
 151427948
 151359981
 151361699
 151424400
 151368846
 151423903
 151421528
 151414925
 151399427
 151390678
 151407461
 151381802
 151369688
 151421769
 151379170
 151402939
 151411874
 151411565
 151412047
 151355899
 151423742
 151397639
 151389445
 151424817
 151356683
 151379318
 151396068
 151385841
 151413110
 151393021
 151407893
 151387925
 151381164
 151389292
 151375457
 151387508
 151356299
 151359799
 151385349
 151412518
 151371096
 151423493
 151399653
 151365724
 151413121
 151415133
 151419772
 151420863
 151421320
 151396516
 151425652
 151401003
 151374688
 151419170
 151414807
 151361449
 151392448
 151385912
 151423278
 151380774
 151367045
 151383927
 151378623
 151424364
 151414127
 151374412
 151365819
 151424125
 151387689
 151364558
 151372337
 151363818
 151397990
 151423884
 151373657
 151401894
 151363116
 151415619
 151367458
 151362991
 151385939
 151407437
 151400969
 151396886
 151374061
 151428753
 151366691
 151379879
 151362368
 151374222
 151363361
 151427348
 151381235
 151375119
 151386583
 151419249
 151365477
 151398488
 151372652
 151366194
 151381385
 151401060
 151358520
 151418447
 151395330
 151423307
 151383388
 151418465
 151423457
 151363098
 151429255
 151394262
 151382126
 151402168
 151375386
 151365917
 151369763
 151406804
 151384927
 151417845
 151423559
 151377594
 151395024
 151382389
 151378828
 151369089
 151361565
 151396344
 151427918
 151403581
 151375230
 151358441
 151375226
 151355560
 151370309
 151419854
 151399449
 151395202
 151415972
 151387251
 151394302
 151398200
 151374910
 151411260
 151366680
 151417300
 151397015
 151396438
 151389409
 151394167
 151357070
 151425444
 151418553
 151416440
 151414039
 151427266
 151424972
 151402623
 151408429
 151378089
 151389374
 151420114
 151415806
 151400127
 151398807
 151374422
 151389314
 151371284
 151381903
 151386161
 151419481
 151396580
 151356818
 151405642
 151396461
 151428051
 151367959
 151395691
 151375327
 151392912
 151411590
 151367115
 151355959
 151418266
 151361011
 151378980
 151423539
 151383735
 151391106
 151365106
 151397453
 151397522
 151421330
 151388908
 151362643
 151379965
 151384056
 151424153
 151355958
 151379187
 151403813
 151424973
 151418640
 151383761
 151369678
 151375819
 151383319
 151398801
 151373085
 151384654
 151402597
 151426384
 151362371
 151428929
 151417523
 151356763
 151403863
 151368086
 151367289
 151359762
 151363922
 151416131
 151405041
 151377900
 151423646
 151427732
 151399083
 151389460
 151383398
 151358890
 151380417
 151368241
 151413730
 151419571
 151360757
 151389051
 151413943
 151375987
 151412980
 151366487
 151379901
 151401358
 151363839
 151428630
 151395821
 151395095
 151409135
 151392608
 151380277
 151366620
 151417418
 151396903
 151413274
 151388952
 151381163
 151382876
 151400617
 151428293
 151375057
 151395267
 151363470
 151419022
 151380837
 151367156
 151398239
 151398321
 151372370
 151380155
 151389881
 151428778
 151429236
 151386509
 151392404
 151398489
 151412506
 151379642
 151370551
 151415042
 151418030
 151402469
 151402117
 151401174
 151395644
 151429090
 151398435
 151383780
 151394538
 151418201
 151422606
 151409192
 151411000
 151364492
 151407536
 151413825
 151357871
 151367105
 151361263
 151428560
 151369043
 151417467
 151411692
 151364089
 151399676
 151417196
 151391058
 151392811
 151387807
 151404522
 151370373
 151422621
 151388486
 151365706
 151377987
 151420774
 151364962
 151415450
 151399776
 151379476
 151407539
 151400833
 151408540
 151359449
 151357742
 151408888
 151362494
 151425917
 151418076
 151421535
 151388240
 151358367
 151383762
 151357451
 151413382
 151371347
 151392323
 151416732
 151381706
 151413863
 151398279
 151360610
 151414170
 151409697
 151368483
 151373225
 151421306
 151369355
 151409740
 151389953
 151426048
 151358219
 151390900
 151427819
 151362917
 151371484
 151367000
 151400437
 151411534
 151374515
 151401594
 151412756
 151411180
 151406297
 151402420
 151414645
 151373665
 151391144
 151374294
 151398003
 151417894
 151381555
 151418372
 151367527
 151373342
 151411013
 151363044
 151417591
 151367222
 151419387
 151420672
 151407736
 151412946
 151363959
 151412008
 151407081
 151379267
 151387855
 151370699
 151397392
 151364251
 151408276
 151386255
 151420963
 151364608
 151371823
 151412228
 151360324
 151366756
 151423453
 151423540
 151411029
 151398201
 151407190
 151422815
 151409205
 151404338
 151366448
 151373582
 151355811
 151418680
 151387803
 151403685
 151363227
 151391800
 151365295
 151408754
 151395086
 151382904
 151372331
 151358359
 151425001
 151427853
 151413294
 151395198
 151413216
 151385030
 151390551
 151357086
 151357831
 151363641
 151390633
 151387617
 151355747
 151396694
 151373318
 151391641
 151362933
 151362053
 151425305
 151423769
 151410628
 151356880
 151405553
 151411352
 151404800
 151356781
 151358063
 151422738
 151417281
 151397729
 151422991
 151367817
 151414864
 151372440
 151411165
 151358545
 151406214
 151425288
 151364484
 151422051
 151427497
 151386304
 151394837
 151403919
 151382543
 151383584
 151359922
 151369184
 151395423
 151390489
 151386670
 151358072
 151406938
 151409537
 151380477
 151404216
 151360843
 151392201
 151403334
 151379317
 151403552
 151362402
 151407598
 151407776
 151423608
 151404211
 151397991
 151405369
 151419999
 151387092
 151425247
 151362601
 151363900
 151398976
 151378107
 151393767
 151365831
 151407036
 151378412
 151427977
 151374051
 151388868
 151392416
 151409517
 151394545
 151409593
 151427257
 151415130
 151362360
 151384501
 151395105
 151359223
 151370355
 151390116
 151400131
 151376222
 151412681
 151391293
 151367688
 151400089
 151398006
 151405114
 151397156
 151399801
 151368416
 151373791
 151372073
 151395884
 151384901
 151367661
 151379394
 151394775
 151411653
 151424595
 151381018
 151387545
 151398439
 151409251
 151396801
 151411693
 151414659
 151427545
 151377932
 151398014
 151389010
 151398822
 151387944
 151410666
 151391727
 151408124
 151413663
 151367249
 151382731
 151393336
 151362140
 151403164
 151370339
 151394505
 151404280
 151392328
 151389584
 151390197
 151424331
 151385209
 151396579
 151406143
 151369736
 151360175
 151406978
 151416576
 151413721
 151390634
 151395014
 151412776
 151379199
 151410305
 151407386
 151427147
 151359513
 151372842
 151417377
 151427711
 151406250
 151357866
 151428533
 151377964
 151406169
 151374170
 151374063
 151406163
 151422725
 151389560
 151400581
 151376056
 151418309
 151410239
 151426628
 151417505
 151402990
 151379734
 151426298
 151374988
 151388001
 151375982
 151375555
 151374192
 151380915
 151374852
 151369753
 151363642
 151424355
 151428377
 151366502
 151356944
 151395967
 151410685
 151355746
 151403021
 151371498
 151363223
 151381213
 151417493
 151361173
 151415505
 151407703
 151406623
 151423568
 151417006
 151383655
 151426035
 151370338
 151365634
 151424291
 151387274
 151395770
 151394200
 151414291
 151407862
 151386782
 151361693
 151406596
 151399393
 151382382
 151415875
 151364295
 151429118
 151362287
 151389974
 151384177
 151367360
 151372334
 151426984
 151379105
 151367136
 151378213
 151418145
 151398147
 151407042
 151419926
 151405274
 151395074
 151422447
 151391250
 151374335
 151401676
 151426223
 151375755
 151423396
 151367581
 151357613
 151383087
 151389998
 151403114
 151401178
 151359584
 151375887
 151419383
 151399015
 151357770
 151396372
 151424245
 151367378
 151419534
 151416971
 151365983
 151384460
 151407041
 151387422
 151371237
 151367494
 151395791
 151402249
 151418887
 151396913
 151364761
 151388098
 151370560
 151407719
 151395561
 151416036
 151396256
 151359052
 151380244
 151374139
 151392465
 151410795
 151369668
 151391160
 151390459
 151402483
 151373280
 151377846
 151361707
 151391971
 151371625
 151413799
 151363104
 151364965
 151420155
 151380258
 151407371
 151420204
 151378718
 151389140
 151380182
 151403325
 151357627
 151388752
 151406172
 151374810
 151360114
 151360474
 151409128
 151402272
 151364577
 151388015
 151356017
 151363138
 151385352
 151420006
 151364932
 151379793
 151361006
 151358847
 151407080
 151410240
 151411845
 151417424
 151409407
 151362038
 151386838
 151422870
 151405815
 151425317
 151387483
 151384975
 151372486
 151393736
 151369568
 151419827
 151399474
 151373003
 151382624
 151424579
 151385072
 151391827
 151393750
 151380363
 151410827
 151355689
 151429708
 151371154
 151371135
 151382426
 151392544
 151371147
 151395664
 151408379
 151370134
 151422412
 151414672
 151403378
 151359887
 151362455
 151372501
 151408031
 151410306
 151423146
 151406937
 151419506
 151403751
 151413041
 151426687
 151370098
 151405849
 151411902
 151388439
 151427082
 151402167
 151359416
 151361167
 151395215
 151419821
 151378877
 151393042
 151423003
 151422222
 151389960
 151378865
 151429331
 151395242
 151419773
 151399936
 151401341
 151370605
 151418629
 151386963
 151416150
 151356725
 151407926
 151428041
 151375062
 151414720
 151370336
 151379756
 151395582
 151417460
 151369328
 151400728
 151386129
 151365586
 151406385
 151372410
 151389180
 151389493
 151382536
 151408951
 151367210
 151398375
 151429116
 151402316
 151418742
 151396611
 151423743
 151380044
 151414492
 151428561
 151366568
 151420341
 151417943
 151397471
 151411623
 151396841
 151361012
 151404004
 151358855
 151420640
 151364707
 151360325
 151390937
 151389291
 151376426
 151389891
 151422654
 151388213
 151398635
 151379186
 151388887
 151372365
 151372955
 151415460
 151429332
 151415492
 151360582
 151418460
 151372330
 151361000
 151373157
 151400986
 151425778
 151370159
 151364991
 151389494
 151381556
 151405777
 151356133
 151402658
 151364613
 151428971
 151357573
 151409377
 151421050
 151365057
 151364942
 151356369
 151390864
 151365185
 151417419
 151381065
 151373401
 151370399
 151374477
 151379180
 151381181
 151394234
 151423373
 151427344
 151356472
 151380607
 151380445
 151403418
 151369520
 151371303
 151411893
 151407724
 151372200
 151425529
 151405042
 151382808
 151383952
 151393659
 151371551
 151365356
 151370064
 151377990
 151362171
 151395529
 151425319
 151387372
 151376772
 151404489
 151359629
 151355932
 151372942
 151396331
 151411723
 151386122
 151407002
 151391804
 151407565
 151360454
 151414950
 151424361
 151391187
 151413928
 151365002
 151369266
 151415446
 151379829
 151426828
 151400919
 151389864
 151385777
 151396445
 151387856
 151429737
 151381349
 151391270
 151408929
 151425061
 151372393
 151429343
 151359048
 151395468
 151366164
 151395271
 151374921
 151398094
 151395294
 151371475
 151376103
 151373440
 151429466
 151374228
 151359037
 151374551
 151379702
 151391226
 151378212
 151369112
 151414145
 151408816
 151357518
 151416616
 151390251
 151380639
 151384908
 151371975
 151399048
 151360311
 151382210
 151415436
 151414114
 151373702
 151383871
 151399947
 151374020
 151359667
 151378996
 151364888
 151365239
 151394235
 151396704
 151413994
 151373600
 151390919
 151390395
 151407763
 151412535
 151402453
 151388597
 151392997
 151390030
 151393219
 151414337
 151383656
 151424839
 151403989
 151365310
 151372752
 151415349
 151357793
 151416413
 151417953
 151428872
 151425222
 151395724
 151380175
 151372171
 151388009
 151388502
 151389446
 151417167
 151364412
 151393866
 151375435
 151396512
 151410578
 151365158
 151412466
 151390161
 151369787
 151358368
 151407712
 151364801
 151397672
 151360466
 151409638
 151421191
 151408325
 151391174
 151371567
 151363740
 151402598
 151421051
 151419429
 151368671
 151355484
 151405448
 151386992
 151384644
 151428180
 151392297
 151410350
 151429317
 151412808
 151395352
 151371645
 151372812
 151408982
 151413636
 151395625
 151371325
 151425384
 151376198
 151422805
 151415390
 151376951
 151370499
 151425229
 151396156
 151363933
 151415565
 151367949
 151372530
 151376346
 151391030
 151392998
 151379826
 151425530
 151357266
 151428419
 151359334
 151420183
 151378352
 151359776
 151427566
 151355754
 151416201
 151371641
 151359618
 151369854
 151393625
 151426546
 151419084
 151357718
 151393159
 151422992
 151356480
 151413592
 151427690
 151366443
 151362408
 151423564
 151379765
 151422322
 151412365
 151390648
 151418448
 151418182
 151384143
 151376221
 151369426
 151369764
 151370382
 151410794
 151401595
 151366903
 151423415
 151393635
 151421998
 151412591
 151356936
 151385749
 151426884
 151399263
 151415391
 151356025
 151389433
 151406210
 151371100
 151418646
 151382916
 151428050
 151369323
 151377322
 151399845
 151408755
 151403839
 151388966
 151391746
 151382730
 151373506
 151368552
 151399243
 151429117
 151359024
 151367861
 151376438
 151407097
 151416879
 151363325
 151369460
 151426971
 151368672
 151408490
 151397636
 151367020
 151355924
 151359829
 151382420
 151417797
 151391526
 151397419
 151386626
 151395526
 151363259
 151373701
 151366412
 151418525
 151365326
 151429808
 151403967
 151390627
 151376375
 151403923
 151387546
 151373510
 151415807
 151389299
 151417576
 151407363
 151428418
 151413648
 151425921
 151428016
 151361639
 151398592
 151371635
 151379401
 151412973
 151373790
 151402845
 151408628
 151375128
 151417016
 151389434
 151409580
 151367483
 151384974
 151384985
 151375117
 151420227
 151357689
 151359763
 151405727
 151389856
 151407545
 151377036
 151398612
 151396774
 151403887
 151386394
 151369937
 151417483
 151387482
 151395289
 151361348
 151400868
 151383609
 151420717
 151396678
 151367021
 151384690
 151429504
 151364173
 151396834
 151420523
 151363027
 151412669
 151402659
 151391927
 151419229
 151361634
 151368044
 151387344
 151384386
 151375455
 151355524
 151421356
 151389954
 151405864
 151371324
 151373227
 151366679
 151359424
 151369020
 151397667
 151424584
 151358071
 151389011
 151366302
 151359725
 151401813
 151417021
 151396705
 151416119
 151383012
 151416784
 151375988
 151378710
 151383858
 151372520
 151376814
 151424231
 151407681
 151420119
 151388622
 151388639
 151398207
 151418402
 151385969
 151426794
 151356627
 151373900
 151368559
 151368254
 151370335
 151413929
 151360650
 151417808
 151425904
 151383838
 151365821
 151386460
 151411189
 151424377
 151412976
 151383514
 151428947
 151366255
 151420129
 151419836
 151422916
 151381617
 151408820
 151365377
 151358792
 151388477
 151414188
 151400455
 151371297
 151400518
 151409766
 151371565
 151407721
 151365853
 151392518
 151374128
 151381096
 151373256
 151429235
 151396847
 151362431
 151363775
 151356769
 151378804
 151370033
 151429033
 151356350
 151400851
 151373452
 151398619
 151367397
 151423150
 151401668
 151389007
 151424454
 151372500
 151384100
 151423656
 151418584
 151356782
 151366574
 151372387
 151372461
 151422982
 151398358
 151392807
 151415157
 151401381
 151413071
 151413188
 151419781
 151377700
 151381145
 151414034
 151369044
 151423532
 151391408
 151377349
 151418446
 151418973
 151398607
 151427935
 151372287
 151368251
 151390923
 151386886
 151364375
 151359044
 151364744
 151409921
 151415975
 151378169
 151423536
 151372724
 151392851
 151406768
 151393745
 151415536
 151418657
 151397544
 151377119
 151393920
 151404610
 151390771
 151382061
 151369427
 151377829
 151374446
 151359911
 151358622
 151391181
 151385183
 151422973
 151393919
 151397338
 151418310
 151357206
 151396899
 151373197
 151399311
 151418177
 151405995
 151362794
 151422006
 151362896
 151367046
 151426709
 151421066
 151425815
 151386557
 151395418
 151410200
 151397142
 151428796
 151385645
 151403108
 151368657
 151421008
 151413011
 151394506
 151363006
 151367562
 151384286
 151358681
 151367840
 151374433
 151375059
 151389498
 151420505
 151422823
 151364077
 151356395
 151423692
 151385758
 151358356
 151419179
 151372209
 151388811
 151413593
 151356295
 151374626
 151358793
 151371162
 151417608
 151358224
 151428081
 151411533
 151429523
 151355898
 151373744
 151391190
 151391636
 151387037
 151365689
 151392768
 151360581
 151391731
 151429341
 151368802
 151426005
 151385483
 151422199
 151426041
 151399199
 151363127
 151355765
 151381958
 151410654
 151368931
 151392780
 151408288
 151413342
 151405083
 151392703
 151417926
 151392405
 151355778
 151358020
 151412307
 151380748
 151364069
 151369687
 151387095
 151372722
 151361327
 151403750
 151424254
 151422963
 151404955
 151394419
 151426452
 151418574
 151367035
 151356301
 151375341
 151386254
 151379833
 151416775
 151370500
 151383127
 151410372
 151381516
 151420607
 151372259
 151356255
 151395809
 151374588
 151386630
 151420347
 151365618
 151389442
 151376203
 151373303
 151389492
 151414797
 151402810
 151388319
 151414629
 151364345
 151387853
 151364652
 151413885
 151371164
 151373235
 151408923
 151357315
 151372353
 151379310
 151363869
 151379666
 151373912
 151399327
 151372471
 151387539
 151363427
 151424876
 151408343
 151365038
 151406965
 151392024
 151420766
 151398604
 151366939
 151404019
 151399518
 151380822
 151360537
 151391159
 151418734
 151382595
 151398776
 151362307
 151404444
 151401636
 151390531
 151366725
 151381153
 151382047
 151368495
 151390854
 151403880
 151356387
 151415728
 151414082
 151406002
 151411055
 151408534
 151375784
 151420323
 151357865
 151387085
 151396902
 151358241
 151409602
 151420703
 151368673
 151364689
 151388239
 151409600
 151416834
 151363891
 151413765
 151390405
 151375282
 151381614
 151374186
 151395541
 151425834
 151359582
 151427695
 151400482
 151425064
 151364578
 151417568
 151406026
 151359759
 151356441
 151364622
 151369582
 151388059
 151429517
 151358512
 151414398
 151417794
 151394642
 151370000
 151379546
 151402946
 151357352
 151394007
 151393958
 151389544
 151381863
 151412409
 151410357
 151412040
 151416039
 151386922
 151417542
 151418263
 151396280
 151365021
 151385750
 151422383
 151368427
 151416007
 151423801
 151408769
 151414201
 151362847
 151384033
 151398492
 151373453
 151374630
 151411686
 151381229
 151389589
 151429650
 151392963
 151410784
 151411140
 151388443
 151361897
 151428441
 151408428
 151389990
 151408176
 151423794
 151356290
 151376584
 151401835
 151381862
 151365623
 151403473
 151416798
 151359677
 151392508
 151357371
 151367672
 151394955
 151427928
 151375867
 151418545
 151407166
 151387119
 151358662
 151404463
 151370191
 151425426
 151364371
 151374033
 151419939
 151388234
 151368041
 151355628
 151372327
 151390964
 151376237
 151427599
 151390886
 151387093
 151364059
 151424904
 151422651
 151355896
 151428674
 151367984
 151403736
 151404348
 151411136
 151427534
 151390264
 151419376
 151402932
 151382203
 151361447
 151420934
 151368881
 151414149
 151382374
 151379953
 151357976
 151402352
 151427512
 151378016
 151381878
 151384190
 151379212
 151419855
 151411026
 151399761
 151398766
 151406539
 151418425
 151403950
 151355759
 151379581
 151395276
 151373899
 151368782
 151416667
 151373950
 151382187
 151396359
 151359900
 151403909
 151403604
 151373145
 151426120
 151374138
 151366733
 151369087
 151380930
 151399250
 151366169
 151382697
 151377558
 151368514
 151358426
 151362851
 151379641
 151395288
 151379619
 151358565
 151357588
 151385073
 151355697
 151425885
 151365704
 151357653
 151374248
 151368990
 151375408
 151421997
 151370582
 151380505
 151408620
 151377253
 151417790
 151363971
 151370957
 151393787
 151417654
 151403814
 151429140
 151425581
 151367084
 151402172
 151357186
 151408072
 151389459
 151397786
 151408130
 151370372
 151384544
 151369851
 151360906
 151426435
 151383051
 151389735
 151384689
 151400497
 151379174
 151395604
 151402335
 151362349
 151402114
 151404528
 151367261
 151400650
 151362542
 151370400
 151372756
 151377773
 151372333
 151397775
 151415723
 151414914
 151397987
 151387470
 151387827
 151363872
 151396981
 151359477
 151397345
 151356479
 151363387
 151411880
 151403377
 151375210
 151397999
 151360880
 151383153
 151359771
 151376023
 151386627
 151421641
 151372954
 151370295
 151356517
 151429791
 151380349
 151359163
 151417822
 151413918
 151382378
 151412885
 151360068
 151402937
 151393884
 151370447
 151426834
 151371927
 151420726
 151405837
 151372421
 151400679
 151429564
 151389766
 151428476
 151411672
 151417995
 151358638
 151427231
 151356841
 151396203
 151358880
 151374095
 151406665
 151416008
 151394181
 151408948
 151398330
 151355993
 151425458
 151379179
 151421173
 151375328
 151390323
 151385426
 151371755
 151365574
 151381321
 151394256
 151357148
 151410162
 151424747
 151364449
 151427610
 151402744
 151416981
 151387310
 151357227
 151393957
 151409354
 151420585
 151370294
 151402700
 151404215
 151379460
 151428578
 151359147
 151364281
 151357249
 151403835
 151372061
 151367448
 151425056
 151364350
 151380199
 151398117
 151424360
 151422115
 151383068
 151383320
 151376032
 151381230
 151419032
 151380978
 151381707
 151410272
 151410344
 151413042
 151428224
 151404151
 151401983
 151387043
 151356256
 151412610
 151415967
 151422593
 151375729
 151416294
 151360381
 151363513
 151411366
 151360345
 151382278
 151381726
 151411646
 151381517
 151364672
 151379282
 151423507
 151402470
 151414139
 151376627
 151396766
 151419488
 151401027
 151375016
 151423831
 151374232
 151358316
 151399775
 151363550
 151426708
 151358680
 151375710
 151410720
 151405372
 151381196
 151425866
 151420825
 151418410
 151428475
 151405137
 151416170
 151359342
 151402199
 151406912
 151365532
 151419463
 151396689
 151371195
 151399244
 151413883
 151397196
 151421392
 151356786
 151378170
 151408382
 151364919
 151355703
 151427188
 151398608
 151415674
 151373322
 151394250
 151406015
 151398079
 151395603
 151419138
 151389149
 151402087
 151356359
 151414047
 151402536
 151418000
 151390031
 151373067
 151369569
 151422490
 151370955
 151428673
 151390572
 151405916
 151398830
 151387924
 151364335
 151407170
 151359630
 151360293
 151398975
 151356298
 151390846
 151379459
 151370203
 151396257
 151380340
 151418265
 151387729
 151358523
 151397468
 151381638
 151402903
 151377027
 151373056
 151420922
 151359933
 151355860
 151365454
 151379395
 151377455
 151408853
 151406555
 151397576
 151388765
 151388361
 151380360
 151367637
 151392333
 151404071
 151415504
 151410190
 151369325
 151360262
 151419600
 151429452
 151417937
 151427919
 151399836
 151380021
 151399289
 151360194
 151359662
 151360292
 151382158
 151381426
 151359428
 151382966
 151399315
 151388433
 151405618
 151398956
 151392929
 151376178
 151397773
 151357360
 151421338
 151391970
 151429042
 151429703
 151397937
 151410040
 151360861
 151386459
 151410048
 151429749
 151420257
 151389184
 151368259
 151402271
 151379945
 151423678
 151368786
 151409531
 151361543
 151408164
 151408165
 151412670
 151406682
 151406129
 151416366
 151377776
 151428035
 151404695
 151366974
 151388792
 151379431
 151415414
 151396377
 151379697
 151406841
 151397640
 151381658
 151423917
 151368137
 151424547
 151406868
 151420269
 151421529
 151420222
 151380897
 151424818
 151400180
 151407601
 151379739
 151374084
 151359429
 151382524
 151368682
 151408157
 151378803
 151411927
 151357338
 151385482
 151408393
 151364118
 151377559
 151358513
 151399055
 151373341
 151401208
 151418849
 151390559
 151392659
 151363737
 151380967
 151409225
 151362141
 151417116
 151412068
 151393488
 151355966
 151407414
 151383792
 151358491
 151418186
 151364450
 151404878
 151363731
 151406094
 151407278
 151395471
 151358412
 151365644
 151383450
 151356580
 151369558
 151386117
 151375820
 151419408
 151367500
 151371553
 151428745
 151392495
 151380348
 151421607
 151379727
 151428223
 151360624
 151390198
 151370743
 151421049
 151379582
 151411158
 151412092
 151425653
 151401777
 151365549
 151357293
 151423236
 151420425
 151420642
 151406007
 151427372
 151357895
 151381133
 151380500
 151407809
 151415898
 151369312
 151410999
 151404833
 151413549
 151362891
 151398626
 151413433
 151370322
 151417798
 151382211
 151383195
 151378060
 151396189
 151402430
 151427011
 151423621
 151387590
 151382356
 151420154
 151357872
 151405013
 151423112
 151415206
 151404033
 151413374
 151356845
 151361448
 151377495
 151389706
 151375103
 151422268
 151393551
 151403115
 151387759
 151383621
 151364640
 151423596
 151429636
 151388485
 151418480
 151427663
 151393531
 151416040
 151385403
 151380322
 151391260
 151414254
 151404603
 151378818
 151414151
 151365413
 151384471
 151429563
 151423071
 151405536
 151382228
 151407516
 151359621
 151368128
 151408406
 151408802
 151409739
 151369109
 151383736
 151355766
 151373564
 151400629
 151362210
 151423279
 151364387
 151391791
 151407932
 151381847
 151385524
 151403099
 151356590
 151421632
 151379300
 151381088
 151365243
 151420237
 151362810
 151372670
 151422285
 151392458
 151413299
 151404190
 151357714
 151412785
 151360616
 151423601
 151420200
 151400510
 151356469
 151426605
 151419628
 151397126
 151382319
 151428397
 151374946
 151416108
 151424261
 151412566
 151402770
 151427098
 151429263
 151407985
 151364240
 151388968
 151401442
 151424546
 151364548
 151387806
 151384588
 151383267
 151368414
 151411422
 151392410
 151427463
 151376049
 151418268
 151359859
 151364418
 151422010
 151390532
 151400096
 151364971
 151394141
 151408498
 151358440
 151400496
 151402599
 151429732
 151373134
 151364882
 151407966
 151414763
 151376263
 151363510
 151376856
 151414326
 151389823
 151386845
 151357858
 151359723
 151398811
 151392524
 151426077
 151408699
 151395163
 151401416
 151404320
 151364708
 151360125
 151366111
 151372757
 151379344
 151417762
 151371238
 151411887
 151397866
 151410307
 151411957
 151403142
 151423870
 151377442
 151407143
 151364113
 151379907
 151397385
 151421479
 151421339
 151356065
 151397099
 151422922
 151429675
 151414322
 151413759
 151379675
 151356314
 151423136
 151360422
 151420007
 151391273
 151384406
 151361938
 151421111
 151406545
 151427230
 151418369
 151359803
 151386954
 151383171
 151425131
 151363522
 151390236
 151384521
 151427721
 151429289
 151379713
 151418404
 151421129
 151370984
 151367391
 151408158
 151398443
 151378639
 151416041
 151409918
 151355909
 151379683
 151389785
 151392591
 151380569
 151398957
 151414988
 151425539
 151414464
 151425022
 151413884
 151355967
 151398745
 151403160
 151376397
 151422463
 151356962
 151412656
 151411523
 151407653
 151358768
 151404261
 151405436
 151380343
 151406664
 151392457
 151361443
 151370151
 151406546
 151380471
 151365078
 151395753
 151399300
 151375716
 151429239
 151406922
 151398295
 151420506
 151405687
 151418001
 151405018
 151407753
 151388506
 151364910
 151406449
 151382337
 151367736
 151396008
 151391340
 151377179
 151375187
 151367155
 151410991
 151418966
 151380232
 151411247
 151356038
 151403713
 151355936
 151376687
 151408990
 151381197
 151360690
 151404694
 151409041
 151408709
 151380560
 151401963
 151362650
 151406296
 151389865
 151407053
 151388537
 151372060
 151429403
 151401976
 151391732
 151390616
 151419927
 151392757
 151372938
 151374221
 151359985
 151385269
 151404256
 151410933
 151358169
 151365707
 151364909
 151388994
 151398787
 151364276
 151373417
 151372301
 151388070
 151417256
 151416970
 151388595
 151417517
 151388362
 151426532
 151359263
 151429819
 151388880
 151381198
 151412562
 151388379
 151355981
 151405875
 151361069
 151418681
 151407612
 151357328
 151429780
 151381558
 151373247
 151384123
 151420317
 151369855
 151427102
 151380531
 151356199
 151413826
 151422915
 151373226
 151371768
 151380386
 151400744
 151407530
 151427320
 151355780
 151387469
 151361466
 151385712
 151407720
 151392317
 151362852
 151423372
 151416821
 151379966
 151357839
 151388967
 151363622
 151355980
 151398497
 151396578
 151359173
 151422781
 151356164
 151356047
 151394027
 151361205
 151416533
 151414946
 151400662
 151361939
 151400341
 151425536
 151422844
 151373779
 151375317
 151416816
 151383917
 151427861
 151368705
 151384522
 151378838
 151391886
 151407438
 151381075
 151408453
 151373250
 151365816
 151394782
 151400604
 151408600
 151423613
 151362959
 151370313
 151390944
 151395258
 151362361
 151398392
 151375639
 151390733
 151418685
 151388235
 151417280
 151408005
 151361236
 151416765
 151392496
 151412890
 151380712
 151410987
 151426297
 151368242
 151424905
 151428657
 151367569
 151373251
 151418985
 151413014
 151406737
 151402026
 151424940
 151375580
 151363493
 151426688
 151365366
 151425860
 151406165
 151396326
 151426733
 151387200
 151357743
 151363989
 151380884
 151363945
 151414278
 151371376
 151357794
 151363625
 151371063
 151373740
 151427799
 151413944
 151358727
 151364366
 151390508
 151390687
 151379211
 151357926
 151377304
 151369108
 151375102
 151398476
 151365178
 151422107
 151415832
 151413792
 151368277
 151389430
 151391163
 151402010
 151405009
 151428910
 151368793
 151408006
 151412109
 151413635
 151416055
 151388989
 151363128
 151375356
 151382071
 151394945
 151364697
 151389270
 151372095
 151408286
 151407469
 151411320
 151360421
 151392523
 151360166
 151378695
 151417724
 151385799
 151424133
 151419388
 151397400
 151371576
 151378726
 151397631
 151427600
 151376950
 151359269
 151419661
 151417364
 151375539
 151390458
 151418002
 151417161
 151364052
 151410899
 151357297
 151364068
 151415059
 151382594
 151380402
 151403749
 151419002
 151380486
 151377592
 151407883
 151356372
 151356724
 151404625
 151362587
 151360680
 151359345
 151419943
 151384178
 151429667
 151412664
 151382515
 151373643
 151372369
 151404500
 151423832
 151389038
 151383991
 151362456
 151389760
 151364743
 151402407
 151424332
 151390655
 151369734
 151416535
 151419363
 151364509
 151401794
 151428861
 151367541
 151380708
 151367083
 151416917
 151426521
 151411550
 151356200
 151359710
 151369788
 151423551
 151406260
 151395922
 151381877
 151392112
 151428045
 151369735
 151399422
 151396069
 151356819
 151367311
 151404217
 151416934
 151427209
 151425764
 151364241
 151395790
 151410624
 151390081
 151413250
 151423752
 151360563
 151370660
 151415410
 151411687
 151373403
 151390786
 151382252
 151396209
 151369858
 151414834
 151391633
 151402535
 151424660
 151358055
 151408972
 151394524
 151380482
 151391878
 151410958
 151373239
 151419596
 151429398
 151371212
 151375061
 151362457
 151399770
 151370097
 151404345
 151414196
 151390666
 151393810
 151423120
 151365803
 151428034
 151412691
 151392347
 151380841
 151378285
 151370594
 151356641
 151371644
 151413381
 151428369
 151368243
 151394603
 151408852
 151382398
 151411190
 151394077
 151371240
 151391618
 151382351
 151397591
 151366505
 151424470
 151387529
 151386603
 151375129
 151368330
 151384024
 151411917
 151409181
 151395548
 151375543
 151376821
 151358275
 151429753
 151375518
 151423575
 151405781
 151392051
 151384113
 151408044
 151377772
 151381172
 151355704
 151402003
 151419911
 151402173
 151427039
 151358233
 151394189
 151420725
 151421121
 151366170
 151419620
 151359172
 151384518
 151384542
 151426732
 151421778
 151384753
 151396537
 151360329
 151413599
 151356340
 151397033
 151402747
 151390096
 151371161
 151388986
 151428813
 151394012
 151406749
 151358848
 151417160
 151428132
 151406741
 151379475
 151420492
 151404700
 151422217
 151375633
 151408791
 151404971
 151406457
 151406173
 151355781
 151390691
 151400626
 151379259
 151397842
 151420829
 151424160
 151399634
 151397635
 151359162
 151375100
 151362871
 151367950
 151361659
 151373002
 151410701
 151373147
 151369177
 151380406
 151391458
 151361555
 151426339
 151378640
 151396657
 151389424
 151375089
 151357243
 151370767
 151414279
 151385720
 151359465
 151392028
 151428932
 151398233
 151420926
 151405002
 151410160
 151419969
 151389656
 151367539
 151384493
 151379801
 151371099
 151366994
 151416695
 151381613
 151358150
 151423741
 151404429
 151377390
 151394888
 151359635
 151391745
 151356620
 151403553
 151413701
 151379157
 151419489
 151356473
 151361326
 151396588
 151419124
 151384583
 151356598
 151387042
 151385212
 151411333
 151368572
 151384865
 151408316
 151386087
 151415532
 151374559
 151401228
 151411157
 151406554
 151390175
 151362547
 151366248
 151390156
 151427914
 151389341
 151403886
 151423675
 151409288
 151429718
 151356621
 151391156
 151417804
 151385220
 151404458
 151390922
 151424681
 151378732
 151416191
 151361601
 151373458
 151374530
 151401227
 151378067
 151381404
 151396339
 151390540
 151401173
 151358782
 151403794
 151415501
 151356318
 151384764
 151404744
 151408776
 151420017
 151413349
 151422305
 151369024
 151390225
 151375206
 151393552
 151375866
 151392417
 151422943
 151370210
 151419180
 151418997
 151362743
 151428736
 151384739
 151384784
 151382705
 151366329
 151410695
 151429406
 151383288
 151361858
 151386686
 151385105
 151397688
 151384562
 151378057
 151382114
 151409314
 151357096
 151364344
 151422522
 151403098
 151397843
 151370593
 151411087
 151422928
 151393837
 151356961
 151364270
 151377833
 151374274
 151398432
 151390072
 151423860
 151398196
 151403782
 151381575
 151406500
 151410975
 151411354
 151422072
 151384117
 151409379
 151414399
 151395472
 151372094
 151389317
 151406470
 151395855
 151420056
 151413897
 151381848
 151387828
 151418812
 151415251
 151406624
 151363851
 151420864
 151370815
 151356208
 151391605
 151380219
 151422768
 151416534
 151368868
 151403616
 151425248
 151418808
 151422236
 151414995
 151421485
 151400207
 151423329
 151373709
 151391642
 151424055
 151374507
 151380869
 151361063
 151398427
 151409376
 151361679
 151417583
 151387152
 151369669
 151406388
 151413672
 151374659
 151417487
 151390827
 151361129
 151391039
 151378948
 151419644
 151408085
 151413043
 151396632
 151374313
 151365837
 151370246
 151385676
 151421990
 151419216
 151418256
 151391119
 151380602
 151390772
 151413734
 151395032
 151402015
 151384541
 151423912
 151389911
 151365177
 151409347
 151398341
 151383080
 151396950
 151412583
 151414719
 151377028
 151369113
 151424399
 151396202
 151376231
 151405799
 151428906
 151365273
 151361738
 151398899
 151429342
 151401933
 151398571
 151382857
 151365402
 151409617
 151388988
 151392202
 151379612
 151414843
 151418114
 151395152
 151415643
 151388766
 151416341
 151383397
 151378886
 151372388
 151358716
 151402188
 151398616
 151356358
 151424037
 151367321
 151401675
 151369919
 151422976
 151373366
 151394699
 151398860
 151385054
 151399191
 151407732
 151424155
 151386671
 151403053
 151420593
 151384695
 151402802
 151361070
 151408777
 151418950
 151428664
 151404584
 151429542
 151423934
 151393116
 151399619
 151401164
 151360811
 151422667
 151377188
 151402421
 151394733
 151372462
 151422098
 151406946
 151370631
 151389904
 151360620
 151364351
 151394303
 151426474
 151393176
 151389799
 151391990
 151402468
 151398095
 151380227
 151390032
 151425164
 151369183
 151404540
 151374550
 151403061
 151395378
 151415463
 151422983
 151420236
 151358274
 151376488
 151398353
 151373565
 151409089
 151368540
 151358070
 151357031
 151407426
 151360230
 151429380
 151425040
 151380330
 151415649
 151417279
 151403576
 151408197
 151394703
 151400424
 151403746
 151424056
 151393805
 151391626
 151424693
 151409975
 151359830
 151356039
 151411242
 151367910
 151374407
 151364167
 151380251
 151392469
 151371564
 151364090
 151428225
 151417299
 151369592
 151398856
 151379714
 151382310
 151427069
 151359800
 151408260
 151403712
 151374411
 151391792
 151424085
 151370712
 151374756
 151413681
 151362369
 151389109
 151382425
 151402563
 151383019
 151379322
 151392259
 151398273
 151396371
 151367726
 151411159
 151408582
 151359135
 151363626
 151396405
 151418968
 151391625
 151374169
 151404226
 151385104
 151428996
 151414465
 151407685
 151392565
 151425828
 151421989
 151394418
 151413282
 151359262
 151428995
 151406335
 151388086
 151411146
 151384152
 151398134
 151378864
 151415860
 151391031
 151369961
 151370152
 151411359
 151384935
 151370349
 151375556
 151420522
 151413746
 151407364
 151360484
 151368399
 151375158
 151372201
 151428388
 151385913
 151389228
 151367986
 151428577
 151364702
 151363166
 151363326
 151398158
 151384341
 151356234
 151397106
 151405927
 151367447
 151389919
 151419970
 151398525
 151426333
 151412474
 151426565
 151396370
 151355738
 151412063
 151425785
 151356867
 151402028
 151384263
 151380355
 151372215
 151409047
 151406399
 151361547
 151374802
 151390885
 151357553
 151416639
 151380078
 151423655
 151427807
 151392044
 151358811
 151390861
 151407927
 151399519
 151379098
 151386096
 151428494
 151388380
 151403704
 151415265
 151375626
 151390545
 151413243
 151405996
 151370093
 151370381
 151410161
 151370413
 151366705
 151361687
 151356503
 151422683
 151387151
 151356806
 151369954
 151379455
 151384655
 151370464
 151418133
 151370308
 151357592
 151372371
 151427176
 151423456
 151368648
 151379652
 151396795
 151368706
 151356045
 151366110
 151410225
 151415451
 151420115
 151423703
 151391084
 151422523
 151360272
 151414660
 151409287
 151391858
 151387175
 151379721
 151374458
 151410339
 151424986
 151413471
 151420646
 151384333
 151416290
 151383827
 151416054
 151365155
 151362465
 151416545
 151363135
 151391339
 151357786
 151392023
 151376455
 151361678
 151429141
 151396143
 151385962
 151396009
 151409591
 151428536
 151390927
 151383968
 151398547
 151369375
 151359745
 151391828
 151396848
 151356334
 151409193
 151367137
 151401847
 151408789
 151415443
 151397774
 151407321
 151368573
 151425745
 151383421
 151411507
 151374034
 151371139
 151428830
 151364885
 151384025
 151396987
 151373743
 151374417
 151371822
 151365290
 151410080
 151422929
 151399306
 151407339
 151395419
 151362870
 151415775
 151388726
 151383809
 151407540
 151413238
 151371095
 151369842
 151372230
 151361016
 151365485
 151406144
 151373727
 151402960
 151401866
 151422904
 151371353
 151369586
 151403060
 151428979
 151422363
 151405171
 151369962
 151365242
 151379434
 151427081
 151379578
 151394793
 151356289
 151412519
 151423555
 151369223
 151393560
 151410558
 151359858
 151389016
 151408947
 151423951
 151422819
 151382040
 151411521
 151375144
 151360072
 151424680
 151383608
 151393326
 151356278
 151380141
 151377915
 151379075
 151384411
 151412818
 151407125
 151355587
 151377386
 151414007
 151408111
 151425638
 151421462
 151380278
 151420084
 151371480
 151410835
 151376617
 151400047
 151417543
 151371772
 151365533
 151357922
 151370209
 151364859
 151426036
 151392758
 151412657
 151404400
 151412807
 151408207
 151408036
 151369587
 151416946
 151374853
 151387084
 151368146
 151428440
 151363037
 151379984
 151389401
 151384262
 151397280
 151382867
 151392824
 151373259
 151375237
 151410778
 151396365
 151400982
 151398100
 151392561
 151424154
 151356572
 151374823
 151389657
 151369521
 151429054
 151372487
 151364964
 151368392
 151357139
 151404183
 151417113
 151411753
 151424067
 151371539
 151401829
 151364329
 151368001
 151384661
 151380308
 151387906
 151427903
 151363805
 151385134
 151394255
 151423571
 151391060
 151418403
 151393418
 151375456
 151366896
 151400394
 151373613
 151386571
 151423833
 151424126
 151383505
 151426585
 151392714
 151417310
 151385130
 151429482
 151362862
 151373317
 151391530
 151421770
 151420273
 151358519
 151396268
 151375207
 151405902
 151364695
 151379319
 151391134
 151410294
 151413587
 151363422
 151407731
 151366922
 151393008
 151376949
 151405454
 151388005
 151382072
 151408035
 151369179
 151424260
 151403745
 151406966
 151413616
 151401921
 151389934
 151373789
 151368785
 151358232
 151371667
 151383953
 151361576
 151389300
 151389047
 151388767
 151396084
 151424253
 151412338
 151420182
 151374127
 151359117
 151422312
 151422558
 151384118
 151421871
 151400905
 151403529
 151391008
 151362895
 151426928
 151355735
 151396528
 151380613
 151428325
 151384478
 151397785
 151363832
 151359718
 151356791
 151370739
 151379219
 151415790
 151376214
 151416357
 151401787
 151368640
 151361119
 151357391
 151380331
 151394426
 151389402
 151421457
 151356770
 151420594
 151411164
 151386754
 151400995
 151378323
 151378743
 151400832
 151396223
 151407470
 151408287
 151357746
 151411591
 151366445
 151410346
 151421978
 151425744
 151380718
 151387365
 151361292
 151416705
 151391624
 151418115
 151360492
 151379068
 151380183
 151394674
 151392483
 151395929
 151373248
 151388440
 151394852
 151414219
 151392515
 151367308
 151358427
 151412755
 151405859
 151399014
 151377712
 151383446
 151424620
 151363249
 151413260
 151362832
 151392029
 151411066
 151361809
 151371211
 151415583
 151390915
 151366262
 151422769
 151385940
 151426438
 151360432
 151383081
 151370463
 151396210
 151368586
 151415038
 151377713
 151407212
 151386086
 151384710
 151390453
 151385842
 151412609
 151407892
 151360209
 151409180
 151393387
 151381948
 151402357
 151393631
 151417391
 151417590
 151414150
 151378815
 151379914
 151370985
 151377694
 151372074
 151415749
 151373159
 151360837
 151376769
 151387000
 151371568
 151394166
 151406505
 151409136
 151393838
 151414781
 151372708
 151421811
 151357870
 151423054
 151424241
 151410650
 151419215
 151429799
 151381252
 151365022
 151380020
 151386602
 151409104
 151408292
 151369376
 151410196
 151414800
 151396598
 151392263
 151364805
 151371704
 151362096
 151417050
 151402979
 151356442
